year	doy	hour	solar	netsolar	dw_solar	up_solar	temp	rh	windspeed	precip	day_length
2002	152	9	1391.04	499.775	667.105	147.095	27.115	0.6561	5.805	0	14.379206554031
2002	152	10	1889.519	704.645	925.235	191.56	28.41	0.583	7.045	0	14.3792068482651
2002	152	11	1952.079	736.39	964.265	195.915	29.43	0.52045	6.68	0	14.3792065408378
2002	152	12	1878.295	701.3	921.145	191.02	30.25	0.5	6.5	0	14.3792067092653
2002	152	13	1739.95	639.065	848.375	186.595	30.63	0.4698	7.5	0	14.3792066153918
2002	152	14	1502.176	542.115	723.745	168.54	30.915	0.49275	7.155	0	14.3792065000711
2002	152	15	912.525	318.68	428.22	104.26	32.295	0.465	9.1	0	14.3792065142471
2002	152	16	644.276	220.565	296.54	78.975	32.345	0.46845	9.11	0	14.379206513022
2002	152	17	448.845	153.605	207.855	60.965	32.16	0.48045	9.055	0	14.3792064525191
2002	152	18	136.689	46.275	58.515	18.565	31.015	0.53595	7.595	0	14.3792064997136
2002	152	19	7.958	2.565	1.015	0.97	29.225	0.6136	4.59	0	14.3887231835236
2002	152	20	0	0	0	0	27.8	0.67535	3.895	0	14.4077911190362
2002	152	21	0	0	0	0	26.96	0.69595	3.79	0	14.408567688201
2002	152	22	0.023	0	0	0	25.83	0.73705	3.015	0	14.4087230235983
2002	152	23	0	0	0	0	24.83	0.7668	3.145	0	14.4088860541707
2002	153	0	0	0	0	0	24.375	0.777	3.8	0	14.4090561542831
2002	153	1	0	0	0	0	23.875	0.80035	3.875	0	14.4092221891017
2002	153	2	0	0	0	0	23.745	0.81405	3.375	0	14.4093728657686
2002	153	3	0.138	0	0	0.095	22.685	0.8533	3.275	0	14.4095000085505
2002	153	4	11.638	4.165	2.705	2	20.555	0.7572	3.995	0	14.4101377716289
2002	153	5	135.355	47.42	60.395	15.63	19.22	0.67585	3.35	0	14.4232623600737
2002	153	6	242.972	81.6	107.21	26.51	20.27	0.6431	4.89	0	14.4216071407885
2002	153	7	246.652	78.975	102.715	24.77	20.62	0.6593	5.28	0	14.4215700981723
2002	153	8	677.534	225.04	306.78	74.015	21.605	0.6414	5.635	0	14.4215695533473
2002	153	9	1020.464	345.27	475.8	112.87	23.165	0.55205	5.1	0	14.4215696534354
2002	153	10	1206.741	405.625	562.215	132.935	24.64	0.50665	6.23	0	14.4215700435925
2002	153	11	1100.734	371.355	509.27	119.605	25.85	0.50815	4.405	0	14.4215695805112
2002	153	12	788.371	262.5	355.18	82.59	26.45	0.49315	2.315	0	14.4215696748847
2002	153	13	957.95	323.87	442.84	104.95	26.925	0.4564	4.105	0	14.4215699721435
2002	153	14	933.846	321.145	436.27	104.215	27.67	0.4272	4.435	0	14.4215695730792
2002	153	15	945.139	331.495	443.575	107.67	28.855	0.36945	2.525	0	14.4215695968126
2002	153	16	524.009	180.235	236.64	57.71	29.345	0.36005	2.54	0	14.4215695870961
2002	153	17	477.664	167.2	221.74	62.795	29.77	0.35525	2.3	0	14.4215695539895
2002	153	18	123.004	43.66	53.935	16.865	28.72	0.40335	4.445	0	14.4215694920401
2002	153	19	3.703	1.17	0.03	0.41	25.935	0.48935	5.255	0	14.4281753988233
2002	153	20	0	0	0	0.02	24.76	0.5033	5.54	0	14.4422713204655
2002	153	21	0	0	0	0	23.72	0.5191	5.76	0	14.4429038323332
2002	153	22	0	0	0	0	22.995	0.55025	5.835	0	14.4430560788944
2002	153	23	0	0	0	0.015	22.035	0.6238	5.195	0	14.4432182404366
2002	154	0	0	0	0	0	21.295	0.6521	4.88	0	14.4433878633001
2002	154	1	0	0	0	0	20.68	0.7041	4.255	0	14.4435532411315
2002	154	2	0	0	0	0	20.615	0.7843	4.53	0	14.4437045325707
2002	154	3	0	0.01	0	0	20.23	0.8438	3.405	0	14.4438294436202
2002	154	4	9.867	3.465	1.27	0.48	20.195	0.8777	3.275	0	14.4442621723633
2002	154	5	144.417	49.72	61.675	16.905	20.8	0.89485	3.41	0	14.4552457422479
2002	154	6	546.411	189.345	257.865	71.925	23.92	0.83515	4.895	0	14.4535634540751
2002	154	7	852.495	295.505	405.735	103.785	26.71	0.71065	6.605	0	14.4535261042404
2002	154	8	1259.204	442.22	603.38	143.68	28.635	0.6122	6.955	0	14.4535255366687
2002	154	9	1305.618	459.245	623.05	142.46	29.625	0.55115	6.985	0	14.4535256000627
2002	154	10	1456.544	520.825	707.415	159.14	30.32	0.4973	5.98	0	14.4535258352907
2002	154	11	1633.782	586.355	794.06	173.98	30.82	0.4615	5.685	0	14.453525642256
2002	154	12	1624.72	587.275	794.27	175.79	31.655	0.4225	7.21	0	14.453525690062
2002	154	13	1682.059	605.61	821.25	187.035	32.115	0.39255	8.595	0	14.4535255518378
2002	154	14	1584.976	565.35	768.645	182.9	32.33	0.3737	9.46	0	14.4535255661938
2002	154	15	1285.907	449.675	617.42	155.33	32.92	0.3399	8.655	0	14.4535255894862
2002	154	16	869.975	298.595	412.33	112.305	33.1	0.3375	8.27	0	14.4535255788321
2002	154	17	365.792	121.795	159.545	44.765	32.635	0.33575	7.565	0	14.4535255469886
2002	154	18	141.519	49.555	62.325	22.095	31.785	0.36905	7.525	0	14.4535254837029
2002	154	19	8.74	3.26	1.595	1.18	30.115	0.42655	5.36	0	14.4600285576973
2002	154	20	0	0	0	0	28.59	0.4864	3.36	0	14.4776248370546
2002	154	21	0	0	0	0	26.35	0.60105	3.535	0	14.4784115150989
2002	154	22	0	0	0	0	25.51	0.6477	4.275	0	14.4785660652234
2002	154	23	0	0	0	0	24.69	0.6839	3.805	0	14.4787277865347
2002	155	0	0	0	0	0	24.36	0.7193	4.64	0.402166666666667	14.4788973406023
2002	155	1	0.023	0	0	0.005	24.235	0.73935	4.88	0.402166666666667	14.479063348305
2002	155	2	0	0	0	0	24.14	0.75705	5.64	0.402166666666667	14.4792142428813
2002	155	3	0	0.005	0	0.015	23.72	0.78395	4.875	0.402166666666667	14.4793397356412
2002	155	4	14.007	5.3	3.74	1.5	23.415	0.79675	5.18	0.402166666666667	14.4804010460114
2002	155	5	177.031	61.085	77.695	22.155	23.505	0.79815	6.19	0.402166666666667	14.4941461331181
2002	155	6	576.978	195.42	265.41	73	25.19	0.72685	7.6	0.402166666666667	14.4928034875407
2002	155	7	942.379	326.895	441.135	110.335	27.475	0.6263	8.175	0.402166666666667	14.49277397572
2002	155	8	1262.056	449.185	606.87	144.86	28.865	0.56835	8.165	0.402166666666667	14.4927735277659
2002	155	9	1218.885	435.915	584.565	132.61	29.345	0.54335	8.64	0.402166666666667	14.4927735849832
2002	155	10	1744.757	644.665	856.15	186.18	30.41	0.4857	8.61	0.402166666666667	14.4927737945034
2002	155	11	1991.248	745.69	985.27	209.365	31.345	0.43065	9.15	0.402166666666667	14.4927736692367
2002	155	12	1830.064	679	904.105	199.51	32.225	0.39565	9.76	0.402166666666667	14.4927735679069
2002	155	13	1188.341	425.46	567.995	130.045	32.42	0.39025	10.63	0.402166666666667	14.4927736474207
2002	155	14	1068.442	378.92	506.015	120.465	32.75	0.37835	9.705	0.402166666666667	14.4927738613134
2002	155	15	972.233	339.64	458.67	114.445	33.035	0.3695	9.435	0.402166666666667	14.4927735515555
2002	155	16	452.893	153.57	203.215	52.815	32.645	0.3975	8.75	0.402166666666667	14.4927735511911
2002	155	17	160.816	52.185	68.94	20.695	30.27	0.4913	8.835	0.402166666666667	14.4927734523985
2002	155	18	5.98	1.265	0.295	2.25	20.195	0.9257	7.71	0.402166666666667	14.4402483646015
2002	155	19	0.667	0.26	0	0.09	20.345	0.9542	1.92	0.402166666666667	14.4086710793933
2002	155	20	0	0	0	0	20.84	0.9301	2.135	0.402166666666667	14.4089761358527
2002	155	21	0.023	0	0	0	21.13	0.8862	2.655	0.402166666666667	14.4091014992405
2002	155	22	0.138	0	0	0	21.175	0.88885	2.15	0.402166666666667	14.4092502982241
2002	155	23	0.322	0	0	0	21.385	0.8867	3.01	0.402166666666667	14.4094260089852
2002	156	0	0.299	0	0	0.015	21.4	0.89815	2.785	0.254	14.4096154493824
2002	156	1	0.299	0	0	0.01	20.915	0.9428	3.51	0.254	14.4097991041133
2002	156	2	0.184	0	0	0.11	20.465	0.9675	3.825	0.254	14.4099636827087
2002	156	3	0.115	0	0	0.65	19.145	0.9664	5.76	0.254	14.4100942723264
2002	156	4	3.266	0.855	0	0.555	17.97	0.95265	4.675	0.254	14.4102329173921
2002	156	5	49.565	17.175	17.85	5.02	17.445	0.93655	3.925	0.254	14.4038516878475
2002	156	6	221.95	78.255	101.835	23.38	17.405	0.92985	4.48	0.254	14.3905937556981
2002	156	7	148.948	47.185	58.565	13.365	16.48	0.9472	5.535	0.254	14.390296930081
2002	156	8	316.388	104.17	134.575	29.775	16.375	0.92935	4.28	0.254	14.3902924636518
2002	156	9	342.194	112.605	146.495	31.65	16.695	0.90575	4.005	0.254	14.3902924038756
2002	156	10	356.017	119.19	157.41	33.675	16.94	0.8971	4.595	0.254	14.3902924822524
2002	156	11	563.201	194.175	260.875	58.135	17.12	0.88805	5.28	0.254	14.3902927579305
2002	156	12	567.87	194.06	261.98	58.445	17.495	0.8656	5.885	0.254	14.3902924621117
2002	156	13	341.297	111.405	146.61	31.95	17.5	0.86775	5.255	0.254	14.3902926065682
2002	156	14	388.102	131.535	173.24	38.42	17.28	0.87755	4.71	0.254	14.3902924915918
2002	156	15	298.448	100.94	130.875	29.46	16.99	0.8892	5.04	0.254	14.390292422865
2002	156	16	253.644	87.835	113.42	25.825	16.775	0.90355	4.51	0.254	14.3902924242335
2002	156	17	235.083	87.065	113.435	27.05	16.805	0.9025	3.965	0.254	14.3902923201001
2002	156	18	57.063	21.585	24.745	6.435	16.815	0.90195	3.535	0.254	14.3902918182364
2002	156	19	2.162	0.785	0	0.365	16.3	0.92365	4.355	0.254	14.388947321799
2002	156	20	0.322	0	0	0.105	15.835	0.92425	4.395	0.254	14.3935174093164
2002	156	21	0.253	0	0	0.085	15.44	0.9259	4.83	0.254	14.393801411233
2002	156	22	0.276	0	0	0.035	15.085	0.89275	4.24	0.254	14.39396177914
2002	156	23	0.207	0	0	0	14.885	0.8889	4.25	0.254	14.3941386315739
2002	157	0	0.161	0	0	0	14.64	0.89185	3.71	0	14.3943199026347
2002	157	1	0.23	0	0	0	14.375	0.9159	3.55	0	14.3944969999336
2002	157	2	0.322	0	0	0	14.125	0.9132	3.14	0	14.3946612361282
2002	157	3	0.207	0.03	0	0	13.705	0.91335	3.085	0	14.394798289403
2002	157	4	4.209	1.63	0.105	0.295	13.51	0.9334	2.825	0	14.3949613819405
2002	157	5	110.446	40	48.145	12.535	13.17	0.92055	5.05	0	14.3995669038766
2002	157	6	565.225	218.24	293.21	78.66	12.92	0.8774	5.68	0	14.3969993868118
2002	157	7	720.406	284.77	389.295	93.82	12.94	0.8549	6.135	0	14.396941902942
2002	157	8	530.725	198.905	276.435	64.885	12.92	0.85635	6.125	0	14.3969411205576
2002	157	9	680.179	250.535	347.245	80.305	13.635	0.8366	5.23	0	14.3969410135341
2002	157	10	882.211	325.43	455.105	105.415	14.48	0.85045	4.185	0	14.3969410416915
2002	157	11	814.269	294.7	411.26	95.595	15.59	0.84305	3.67	0	14.3969411266153
2002	157	12	717.324	256.985	359.095	83.85	16.06	0.84115	4.435	0	14.3969414164837
2002	157	13	589.858	210.375	292.185	68.415	16.18	0.8649	5.28	0	14.3969410617153
2002	157	14	468.142	167.33	229.9	54.285	16.16	0.8583	4.42	0	14.3969411314367
2002	157	15	357.903	128.775	174.475	41.445	16.94	0.8394	3.805	0	14.3969412637683
2002	157	16	227.447	81.355	108.335	26.245	16.99	0.83165	4.24	0	14.3969410345494
2002	157	17	378.166	146.36	195.195	56.035	17.38	0.80405	3.425	0	14.3969410187592
2002	157	18	167.325	64.16	81.54	28.385	17.53	0.80265	3.15	0	14.3969408830735
2002	157	19	10.212	4.035	2.575	1.445	16.74	0.87655	2.4	0	14.4051732082757
2002	157	20	0	0	0	0	15.945	0.90505	1.58	0	14.4280908116797
2002	157	21	0	0	0	0	15.29	0.9334	1.38	0	14.4290099491364
2002	157	22	0.115	0	0	0	14.705	0.9575	1.735	0	14.4291695822666
2002	157	23	0.069	0	0	0	14.35	0.9621	1.945	0	14.4293369936044
2002	158	0	0.046	0	0	0	13.885	0.9736	1.58	0	14.4295101683247
2002	158	1	0.207	0	0	0.02	13.64	0.9736	2.175	0	14.4296824442674
2002	158	2	0.023	0	0	0	13.565	0.9559	2.985	0	14.4298398768172
2002	158	3	0.046	0.04	0	0.02	12.68	0.9793	2.61	0	14.4299662189498
2002	158	4	18.722	6.46	6.695	2.955	12.325	0.9834	2.4	0	14.4332778216508
2002	158	5	205.528	49.225	102.095	31.365	13.125	0.9403	2.185	0	14.451539601794
2002	158	6	566.697	205.165	292.86	79.125	14.84	0.87395	3.89	0	14.4504305911783
2002	158	7	951.303	365.735	499.24	122.715	16.345	0.80745	4.405	0	14.4504060638198
2002	158	8	1240.229	483.355	657.19	150.475	17.565	0.7521	3.645	0	14.4504057020949
2002	158	9	1594.636	632.35	850.705	184.5	18.745	0.689	3.66	0	14.450405774129
2002	158	10	1783.765	721.27	956.46	197.855	19.855	0.6545	2.975	0	14.4504060463454
2002	158	11	1855.272	752.985	993.615	205.495	20.935	0.6212	2.485	0	14.4504057743982
2002	158	12	1845.865	752.455	989.27	204.57	22.01	0.57785	2.435	0	14.4504059710492
2002	158	13	1754.946	709.56	938.825	199.96	22.82	0.52335	3.375	0	14.4504057908829
2002	158	14	1536.4	615.08	813.37	182.64	23.625	0.4881	3.235	0	14.4504057836246
2002	158	15	1240.758	488.52	638.615	157.31	24.335	0.4607	3.9	0	14.4504057139113
2002	158	16	891.181	345.305	455.515	122.23	24.95	0.415	4.355	0	14.4504057167012
2002	158	17	512.624	195.275	259.56	77.91	24.995	0.41265	4.395	0	14.4504057100445
2002	158	18	176.364	65.23	82.615	29.91	24.05	0.47725	4.805	0	14.4504056436954
2002	158	19	11.5	4.2	2.17	1.785	21.7	0.5843	4.265	0	14.4568125655875
2002	158	20	0	0	0	0	19.755	0.6698	3.495	0	14.4793013814537
2002	158	21	0	0	0	0	18.715	0.71745	3.145	0	14.4802545481938
2002	158	22	0.253	0	0	0	18.09	0.7485	3.56	0	14.4804175426478
2002	158	23	0.276	0	0	0	17.21	0.7916	2.95	0	14.4805939863701
2002	159	0	0.299	0	0	0	16.76	0.803	3.22	0	14.4807803249607
2002	159	1	0.207	0	0	0	15.665	0.84645	3.635	0	14.4809611048972
2002	159	2	0.46	0	0	0	15.11	0.8659	3.27	0	14.4811276534154
2002	159	3	0.46	0.03	0	0	14.725	0.88795	2.655	0	14.4812728450452
2002	159	4	18.032	7.795	6.51	2.065	14.43	0.9069	2.2	0	14.4841488879759
2002	159	5	173.006	65.305	83.515	24.325	14.51	0.9192	1.865	0	14.4999252728968
2002	159	6	568.744	215.575	292.275	79.46	16.895	0.87565	3.165	0	14.4986977301437
2002	159	7	993.278	369.15	495.91	121.98	19.415	0.7903	3.97	0	14.4986708736697
2002	159	8	1382.139	520.825	689.48	157.325	21.22	0.68215	3.78	0	14.4986704736818
2002	159	9	1676.723	646.335	847.055	181.26	22.545	0.58865	2.925	0	14.4986705374321
2002	159	10	1900.076	748.015	969.475	197.265	23.995	0.5169	1.76	0	14.498670774186
2002	159	11	1984.877	786.87	1017.795	204.2	25.165	0.4477	1.81	0	14.4986705770605
2002	159	12	1955.322	771.21	995.8	203.635	26.085	0.42595	1.945	0	14.498670638724
2002	159	13	1852.995	721.56	943.105	201.405	26.645	0.366	2.94	0	14.4986704922219
2002	159	14	1633.368	626.715	822.82	185.18	27.755	0.3128	2.41	0	14.4986705135109
2002	159	15	1327.146	495.69	658.57	160.805	28.305	0.30395	3.645	0	14.4986705499143
2002	159	16	943.552	345.295	459.485	122.855	28.905	0.30435	3.32	0	14.4986705258543
2002	159	17	529.184	191.1	253.215	77.22	28.97	0.28915	4.135	0	14.4986704859957
2002	159	18	181.332	65.685	81.52	29.4	28.395	0.3201	3.875	0	14.4986704558306
2002	159	19	12.88	5.06	2.585	1.38	26.245	0.4141	3.06	0	14.5035974067433
2002	159	20	0	0	0	0	25.375	0.4179	2.915	0	14.5253503496955
2002	159	21	0	0	0	0	23.6	0.53695	3.62	0	14.526328626259
2002	159	22	0	0	0	0	22	0.61985	3.29	0	14.5264862162775
2002	159	23	0	0	0	0	20.985	0.6599	2.895	0	14.5266476468789
2002	160	0	0.069	0	0	0	19.895	0.70545	3.115	0	14.5268177616206
2002	160	1	0.46	0	0	0	19.21	0.74205	3.55	0	14.5269967300024
2002	160	2	0.46	0	0	0	18.7	0.76735	3.255	0	14.5271713021801
2002	160	3	0.437	0.03	0	0	18.35	0.7973	3.295	0	14.5273165321979
2002	160	4	22.655	8.195	6.62	2.49	17.8	0.83865	3.395	0	14.536264106697
2002	160	5	222.295	80.355	101.67	30.44	18.88	0.8282	3.195	0	14.553015632228
2002	160	6	552.345	199.18	262.415	70.41	21.855	0.77395	4.365	0	14.5519966540321
2002	160	7	908.914	326.585	433.325	106.64	24.335	0.75555	4.44	0	14.5519746433822
2002	160	8	1220.104	438.795	587.305	136.54	25.85	0.72365	5.105	0	14.5519743195266
2002	160	9	1561.217	574.1	759.255	166.32	26.73	0.7093	5.075	0	14.5519743854165
2002	160	10	1532.053	562.905	739.995	158.31	28.23	0.6536	3.96	0	14.5519746305825
2002	160	11	1352.469	489.455	650.395	141.47	29.37	0.56665	5.27	0	14.551974414094
2002	160	12	1865.415	684.705	912.05	197.205	30.36	0.4972	5.83	0	14.5519745645138
2002	160	13	1002.317	352.655	473.505	104.95	29.815	0.52885	4.15	0	14.5519743365575
2002	160	14	793.799	276.835	367.61	83.985	28.975	0.5614	5.475	0	14.5519743548449
2002	160	15	1108.324	395.165	523.345	125.245	30.235	0.4527	8.67	0	14.551974385072
2002	160	16	580.382	204.095	269.145	67.39	29.985	0.4767	7.335	0	14.5519743630564
2002	160	17	451.306	155.655	205.865	57.44	30.04	0.5089	7.785	0	14.5519743318536
2002	160	18	157.205	56.045	69.02	22.21	29.215	0.5648	7.41	0	14.5519742959568
2002	160	19	10.971	3.665	2.1	1.785	27.27	0.66455	6.48	0	14.5556133565478
2002	160	20	0	0	0	0.005	25.535	0.7197	4.205	0	14.5727631729216
2002	160	21	0	0	0	0	24.545	0.73645	4.01	0	14.573618927036
2002	160	22	0	0	0	0	23.675	0.7812	3.515	0	14.5737741791561
2002	160	23	0	0	0	0	22.875	0.8159	3.665	0	14.5739352428754
2002	161	0	0.23	0	0	0	22.355	0.85185	3.2	0	14.5741094619526
2002	161	1	0.299	0	0	0	22.04	0.8674	3.475	0	14.5742897244582
2002	161	2	0.46	0	0	0	21.99	0.8759	3.7	0	14.5744581837724
2002	161	3	0.575	0.03	0	0	21.865	0.8927	4.09	0	14.5746055948913
2002	161	4	17.02	7.07	6	2.415	21.655	0.91175	3.81	0	14.5768573852291
2002	161	5	117.668	42.295	51.845	13.37	22.37	0.8925	4.535	0	14.5883525148638
2002	161	6	324.392	113.255	148.025	36.02	23.25	0.8649	5.06	0	14.5867153058668
2002	161	7	675.694	237.34	313.955	74.225	24.33	0.8314	5.515	0	14.5866801428244
2002	161	8	1133.325	399.125	531.66	121.415	25.66	0.77675	6.535	0	14.58667960297
2002	161	9	1264.747	448.445	598.265	133.27	26.77	0.7382	6.915	0	14.5866796605848
2002	161	10	1172.402	412.73	549.5	121.08	27.745	0.68465	7.885	0	14.5866798699054
2002	161	11	1217.459	429.645	573.7	127.83	28.705	0.6113	8.57	0	14.5866797454328
2002	161	12	1446.815	492.58	678.85	147.58	28.7	0.63455	8.175	0	14.5866796432582
2002	161	13	995.233	336.205	452.915	100.945	29.655	0.54735	9.41	0	14.5866797207504
2002	161	14	565.754	183.08	244.735	56.635	28.075	0.5586	10.32	0	14.5866799270417
2002	161	15	713.276	237.585	317.795	76.235	26.77	0.68065	10.025	0	14.5866796281732
2002	161	16	764.865	267.68	353.555	90.905	27.905	0.60825	10.87	0	14.5866796270874
2002	161	17	208.15	70.335	88.7	21.47	26.8	0.63235	9.98	0	14.5866795223437
2002	161	18	128.018	47.775	61.02	17.355	24.935	0.7436	10.11	0	14.5866796039249
2002	161	19	8.395	2.885	1.385	1.345	23.005	0.83745	5.73	0	14.5881609773374
2002	161	20	0.046	0	0	0	22.42	0.8605	4.255	0	14.6006450231437
2002	161	21	0.46	0	0	0	21.975	0.9035	5.28	0	14.6013497326519
2002	161	22	0.46	0	0	0	22.09	0.90145	5.61	0	14.601525182686
2002	161	23	0.299	0	0	0.06	21.71	0.87815	6.195	0	14.601708398149
2002	162	0	0.437	0	0	0	21.175	0.89465	5.67	1.31233333333333	14.6018983505043
2002	162	1	0.46	0	0	0	20.94	0.9054	5.72	1.31233333333333	14.602090174367
2002	162	2	0.644	0	0	0	20.725	0.92815	5.385	1.31233333333333	14.6022684919098
2002	162	3	0.897	0.01	0	0	20.8	0.9439	6.155	1.31233333333333	14.6024272602329
2002	162	4	24.541	9.605	8.49	3.14	20.73	0.9518	6.26	1.31233333333333	14.6167857973963
2002	162	5	181.907	63.55	79.45	20.985	21.285	0.9273	5.975	1.31233333333333	14.6321666123363
2002	162	6	378.626	130.37	169.65	40.88	22.735	0.8723	7.43	1.31233333333333	14.6311366443473
2002	162	7	667.529	228.825	304.52	71.3	24.555	0.79575	9.465	1.31233333333333	14.6311147830732
2002	162	8	414.575	135.215	177.75	41.115	24.875	0.7783	9.67	1.31233333333333	14.6311144717539
2002	162	9	76.544	21.11	24.105	5.555	19.31	0.98015	3.185	1.31233333333333	14.6311145329603
2002	162	10	257.899	78.935	99.17	20.08	19.71	0.96715	3.415	1.31233333333333	14.6311139104732
2002	162	11	408.802	128.49	166.12	34.305	20.765	0.95355	6.495	1.31233333333333	14.6311143907716
2002	162	12	848.677	284.46	380.24	81.495	21.935	0.9196	5.805	1.31233333333333	14.6311143135866
2002	162	13	1351.457	467.755	631.745	135.355	23.99	0.86545	5.325	1.31233333333333	14.6311140460291
2002	162	14	586.132	196.265	258.445	56.2	24.895	0.8227	3.835	1.31233333333333	14.631114419569
2002	162	15	49.726	12.905	15.145	5.16	21.45	0.9222	7.695	1.31233333333333	14.6311010276051
2002	162	16	38.272	11.18	8.41	1.975	19.755	0.9796	3.235	1.31233333333333	14.6053664330463
2002	162	17	18.423	4.93	1.805	0.985	20	0.9522	7.14	1.31233333333333	14.3334137225877
2002	162	18	11.592	3.265	0	0.78	19.86	0.9612	3.975	1.31233333333333	14.3142916587469
2002	162	19	4.922	2.3	1.005	1.11	19.89	0.95815	2.385	1.31233333333333	14.3148914278591
2002	162	20	0.92	0	0	0	19.8	0.96855	1.745	1.31233333333333	14.3151580243317
2002	162	21	0.966	0	0	0	19.59	0.97595	2.01	1.31233333333333	14.3153311403407
2002	162	22	0.943	0	0	0	19.69	0.9664	1.235	1.31233333333333	14.3155379651283
2002	162	23	0.92	0	0	0	19.46	0.97335	1.53	1.31233333333333	14.3157664255272
2002	163	0	1.035	0	0	0	19.335	0.9769	1.535	0	14.3160053640187
2002	163	1	1.334	0	0	0.01	19.535	0.9562	4.355	0	14.3162508938808
2002	163	2	1.38	0	0	0	20.135	0.919	5.105	0	14.3164853828616
2002	163	3	1.38	0.02	0	0.02	20.24	0.91535	4.175	0	14.3166791058429
2002	163	4	4.669	1.365	0.075	0.235	19.905	0.92695	2.36	0	14.3168847113278
2002	163	5	64.4	21.845	23.21	5.99	19.84	0.9307	2.865	0	14.3060790113057
2002	163	6	157.527	53.79	64.95	14.98	20.01	0.9471	2.4	0	14.299314844751
2002	163	7	468.027	162.8	212.46	46.095	20.775	0.92835	1.965	0	14.2991699675917
2002	163	8	950.268	333.675	441.135	96.02	22.11	0.8694	3.615	0	14.2991678292498
2002	163	9	1214.17	433.985	570.43	122.535	23.655	0.78665	1.875	0	14.2991678267424
2002	163	10	1561.631	574.11	746.15	153.575	25.02	0.735	1.45	0	14.2991677898373
2002	163	11	1423.539	517.345	684.295	144.92	25.77	0.69195	2.12	0	14.2991678045968
2002	163	12	1192.412	435.335	582.135	128.72	26.5	0.67125	2.86	0	14.2991678361074
2002	163	13	923.128	315.23	421.63	94.235	26.795	0.6383	2.845	0	14.2991679231468
2002	163	14	1087.532	385.15	508.705	113.955	27.01	0.63605	2.74	0	14.2991681551547
2002	163	15	1298.304	471.805	603.52	141.905	27.62	0.61625	2.26	0	14.2991678169775
2002	163	16	975.43	350.24	450.495	114.495	27.94	0.6254	1.785	0	14.2991678169809
2002	163	17	613.64	217.835	284.06	78.73	28.22	0.59445	1.505	0	14.2991677287884
2002	163	18	191.613	68.57	83.54	23.79	27.835	0.61475	0.74	0	14.2991677870397
2002	163	19	13.271	5.385	3.625	0.765	26.53	0.6811	0.605	0	14.3126059637221
2002	163	20	0.023	0	0	0	25.24	0.79805	1.08	0	14.3495539435783
2002	163	21	0.138	0	0	0	24.805	0.81315	0.975	0	14.3507021249371
2002	163	22	0.368	0	0	0	24.195	0.8272	2.435	0	14.3508770700533
2002	163	23	0.46	0	0	0.36	22.085	0.90445	4.355	0	14.3510646911344
2002	164	0	0.69	0	0	0.46	19.41	0.9393	4.605	0.275166666666667	14.3512695946442
2002	164	1	0.828	0	0	0.09	18.73	0.93435	4.34	0.275166666666667	14.3514815174689
2002	164	2	0.529	0	0	0.225	17.6	0.90105	6.05	0.275166666666667	14.3516703327441
2002	164	3	0.46	0	0	0.12	16.905	0.89035	6.245	0.275166666666667	14.3518154657217
2002	164	4	1.748	0.485	0	0.16	16.35	0.8993	6.47	0.275166666666667	14.3519336914658
2002	164	5	6.279	1.9	0	0.225	16.045	0.91035	5.25	0.275166666666667	14.3520579231768
2002	164	6	24.886	7.13	4.19	1.4	15.695	0.9573	2.99	0.275166666666667	14.3374968417986
2002	164	7	78.062	23.98	25.955	5.855	15.13	0.9655	6.69	0.275166666666667	14.15237663728
2002	164	8	534.658	186.675	249.385	52.96	15.385	0.9317	7.65	0.275166666666667	14.1480308439477
2002	164	9	926.67	323.51	432.96	93.755	18.15	0.85505	4.505	0.275166666666667	14.1479742350103
2002	164	10	1674.63	624.425	816.2	163.91	20.46	0.8013	2.995	0.275166666666667	14.1479735725673
2002	164	11	1511.813	565.085	738.1	147.655	22.195	0.77875	2.04	0.275166666666667	14.1479736464598
2002	164	12	1448.356	519.035	697.305	147.025	21.805	0.7994	4.85	0.275166666666667	14.1479738872992
2002	164	13	852.909	291.925	395.245	87.915	20.59	0.80875	6.495	0.275166666666667	14.1479736290025
2002	164	14	784.599	269.79	362.17	81.57	19.465	0.86995	6.26	0.275166666666667	14.1479737486699
2002	164	15	932.788	328.215	437.105	101.445	20.12	0.83415	4.835	0.275166666666667	14.1479736207009
2002	164	16	298.218	101.665	132.995	30.81	20.13	0.84185	4.69	0.275166666666667	14.1479735946846
2002	164	17	357.558	123.56	164.675	41.87	19.81	0.8369	6.365	0.275166666666667	14.1479735841557
2002	164	18	196.512	71.21	93.905	28.585	19.59	0.8449	3.76	0.275166666666667	14.1479735846615
2002	164	19	16.767	7.645	7.575	3.57	19.11	0.8786	1.375	0.275166666666667	14.1576551476487
2002	164	20	0	0	0	0	18.625	0.8977	0.735	0.275166666666667	14.1950846031024
2002	164	21	0.276	0	0	0	18.285	0.9071	1.86	0.275166666666667	14.1963118638152
2002	164	22	0.46	0	0	0	17.755	0.9587	2.605	0.275166666666667	14.1964919051273
2002	164	23	0.46	0	0	0	18.34	0.94475	3.27	0.275166666666667	14.1966819490119
2002	165	0	0.46	0	0	0.025	19.055	0.8559	5.6	0.1905	14.1968815483266
2002	165	1	0.391	0	0	0.07	18.18	0.7975	5.195	0.1905	14.1970757688731
2002	165	2	0.414	0	0	0.04	17.245	0.77965	5.77	0.1905	14.1972502231024
2002	165	3	0.368	0.03	0	0.055	16.34	0.79465	5.27	0.1905	14.1973954440982
2002	165	4	26.22	9.065	7.3	3.595	15.565	0.82045	5.335	0.1905	14.2201970075737
2002	165	5	264.546	93.195	117.655	35.8	15.59	0.8208	5.575	0.1905	14.2545786678412
2002	165	6	646.254	233.71	305.8	78.99	16.48	0.77175	6.78	0.1905	14.2538662635151
2002	165	7	1055.976	392.1	512.73	118.425	17.525	0.7029	6.715	0.1905	14.2538488058985
2002	165	8	1412.108	537.58	697.795	148.28	18.52	0.6426	7.43	0.1905	14.2538485568432
2002	165	9	1679.46	642.15	839.685	172.38	19.28	0.6016	8.18	0.1905	14.2538486724385
2002	165	10	1500.474	566.79	750.4	155.375	19.655	0.5872	7.69	0.1905	14.2538491306
2002	165	11	1042.843	378.43	508.15	108.62	19.665	0.59075	8.24	0.1905	14.2538485733418
2002	165	12	907.948	327.675	437.55	96.135	18.97	0.6436	8.19	0.1905	14.2538486483811
2002	165	13	1763.272	664.93	884.93	192.34	20.08	0.58775	10.3	0.1905	14.2538488841641
2002	165	14	731.745	257.615	346.495	79.765	19.58	0.6016	10.9	0.1905	14.253848585438
2002	165	15	852.656	303.145	408.56	95.795	19.175	0.64115	9.55	0.1905	14.253848626361
2002	165	16	146.004	47.95	60.29	14.89	16.455	0.7879	7.64	0.1905	14.253848625871
2002	165	17	485.231	165.055	230.745	61.635	16.66	0.78	6.38	0.1905	14.2538485584652
2002	165	18	93.058	33.01	37.445	9.85	16.81	0.78895	6.605	0.1905	14.253848529859
2002	165	19	14.996	5.32	3.52	2.13	16.595	0.81505	5.325	0.1905	14.2698103701417
2002	165	20	0.276	0	0	0.04	16.015	0.82245	4.755	0.1905	14.2901145395275
2002	165	21	0.46	0	0	0	15.635	0.83545	4.65	0.1905	14.290896730749
2002	165	22	0.46	0	0	0.015	15.01	0.8696	4.475	0.1905	14.2910749784778
2002	165	23	0.46	0	0	0	14.625	0.86565	4.44	0.1905	14.2912646195701
2002	166	0	0.46	0	0	0	14.39	0.8549	4.405	0	14.2914639009572
2002	166	1	0.46	0	0	0	13.935	0.87665	4.295	0	14.2916588375417
2002	166	2	0.46	0	0	0	13.46	0.89515	3.72	0	14.2918362195386
2002	166	3	0.483	0.03	0	0	13.285	0.8945	4.25	0	14.2919839983199
2002	166	4	26.611	9.195	7.645	3.335	13.04	0.9082	3.42	0	14.3163256617793
2002	166	5	252.402	91.915	115.58	33.905	13.55	0.90165	3.545	0	14.3458019573535
2002	166	6	633.65	235.54	304.715	76.585	15.765	0.8242	4.95	0	14.3450473626252
2002	166	7	1032.355	388.74	505.47	114.35	17.785	0.7414	6.03	0	14.3450296149638
2002	166	8	1372.755	524.995	681.345	143.395	19.71	0.6684	6.76	0	14.3450293563463
2002	166	9	1658.369	643.8	832.38	167.075	21.535	0.59655	7.185	0	14.3450294425027
2002	166	10	1835.423	720.365	930.86	184.495	22.865	0.53995	7.815	0	14.3450297745819
2002	166	11	1937.336	762.255	985.91	194.775	24.205	0.4922	8.09	0	14.3450294006791
2002	166	12	1911.737	746.305	971.605	196.52	25.21	0.4202	9.175	0	14.3450295303289
2002	166	13	1565.656	592.905	779.68	164.49	25.815	0.4083	9.605	0	14.3450299469182
2002	166	14	1387.429	516.48	686.085	153.255	26.065	0.416	10.24	0	14.3450293756471
2002	166	15	858.889	308.81	413.44	97.92	25.61	0.4377	9.77	0	14.3450293941754
2002	166	16	911.214	332.26	440.97	112.73	26.065	0.4388	8.725	0	14.3450293927075
2002	166	17	236.762	82.735	107.195	29.445	24.845	0.5019	8.17	0	14.3450293533167
2002	166	18	190.624	67.115	89.985	28.63	21.93	0.6611	5.71	0	14.3450292137233
2002	166	19	10.373	3.7	1.8	1.3	20.12	0.68105	6.035	0	14.3521106949615
2002	166	20	0	0	0	0.075	19.065	0.76525	4.635	0	14.3762733254087
2002	166	21	0.069	0	0	0	18.365	0.80055	4.87	0	14.3772496151373
2002	166	22	0.391	0	0	0	18.39	0.7981	5.96	0	14.3774177929263
2002	166	23	0.46	0	0	0.07	17.71	0.818	6.01	0	14.3776040697971
2002	167	0	0.46	0	0	0.015	17.065	0.8586	4.305	0	14.3778027959704
2002	167	1	0.46	0	0	0.015	16.28	0.8889	3.82	0	14.3779965423499
2002	167	2	0.46	0	0	0	15.41	0.88915	2.985	0	14.3781734814181
2002	167	3	0.46	0.025	0	0.035	14.27	0.90035	3.035	0	14.3783209870264
2002	167	4	25.737	9.015	7.905	3.405	13.555	0.9036	2.795	0	14.3979955183087
2002	167	5	266.662	94.195	118.4	34.86	14.02	0.9019	2.175	0	14.4240660417642
2002	167	6	639.377	239.14	309.43	78.745	16.235	0.79765	3.06	0	14.4232555228362
2002	167	7	1039.623	392.64	514.95	119.965	18.225	0.6553	4.885	0	14.4232369615502
2002	167	8	1402.678	543.335	709.245	153.365	19.585	0.48295	5.41	0	14.4232367092103
2002	167	9	1689.971	668.795	866.91	176.63	20.32	0.45565	5.2	0	14.4232368628021
2002	167	10	1845.428	740.775	953.93	187.13	20.905	0.4084	4.96	0	14.4232374799185
2002	167	11	1965.994	787.56	1018.88	198.86	21.63	0.3875	4.99	0	14.423236708092
2002	167	12	1971.238	787.725	1022.07	201.475	22.215	0.3466	4.965	0	14.423236764505
2002	167	13	1853.455	738.03	955.26	194.585	22.68	0.32295	5.06	0	14.4232369366149
2002	167	14	1671.387	656.79	852.27	181.505	23.125	0.3212	4.715	0	14.4232367512106
2002	167	15	1364.889	523.915	685.55	157.96	23.43	0.31995	4.99	0	14.423236795577
2002	167	16	887.938	333.345	436.99	109.11	23.61	0.3248	4.235	0	14.4232367031874
2002	167	17	507.495	186.84	242.285	69.3	23.775	0.3182	4.22	0	14.42323670264
2002	167	18	214.268	77.985	97.855	34.36	23.45	0.3349	3.29	0	14.4232366800033
2002	167	19	16.238	6.245	3.835	2.445	21.46	0.4442	2.585	0	14.4277921324454
2002	167	20	0	0	0	0	19.975	0.5026	2.945	0	14.4547355147251
2002	167	21	0	0	0	0	18.38	0.59395	3.37	0	14.4558695470508
2002	167	22	0	0	0	0	17.13	0.6544	3.105	0	14.4560295578309
2002	167	23	0	0	0	0	16.36	0.68165	3.34	0	14.4561911829986
2002	168	0	0	0	0	0	15.565	0.7182	2.75	0	14.4563606055076
2002	168	1	0.023	0	0	0	15.005	0.7459	2.94	0	14.4565267418524
2002	168	2	0.046	0	0	0	15.095	0.7432	2.87	0	14.4566801727492
2002	168	3	0.046	0.03	0	0	14.65	0.7689	2.91	0	14.4568081320832
2002	168	4	26.887	10.15	9.52	3.27	13.855	0.8177	1.88	0	14.4811580147724
2002	168	5	245.847	91.2	115.965	33.54	14.655	0.7955	2.3	0	14.5039652954416
2002	168	6	600.622	223.515	289.485	74.25	17.285	0.69335	3.155	0	14.503150518785
2002	168	7	1006.595	380.235	493.535	114.46	19.66	0.5911	3.48	0	14.503132296631
2002	168	8	1367.051	525.56	679.85	144.94	21.46	0.52715	4.405	0	14.5031320301528
2002	168	9	1661.658	650.31	837.525	167.705	23.03	0.4463	4.66	0	14.503132104208
2002	168	10	1803.959	709.525	918.11	180.715	24.03	0.3781	4.845	0	14.5031323832338
2002	168	11	1688.591	660.13	860.485	171.135	24.715	0.3541	5.075	0	14.5031320994877
2002	168	12	1934.553	766.995	989.615	196.605	25.51	0.3312	4.535	0	14.5031322864216
2002	168	13	1595.119	615.245	806.145	169.735	26.015	0.3167	4.12	0	14.5031321324741
2002	168	14	1364.245	515.625	681.785	150.56	26.175	0.3199	3.43	0	14.5031320771333
2002	168	15	987.781	366.475	486.53	111.98	26.355	0.31715	2.865	0	14.5031320481909
2002	168	16	488.566	174.3	232.605	55.735	25.785	0.33975	3.445	0	14.5031320496183
2002	168	17	296.976	106.52	138.175	34.14	25.43	0.35755	3.53	0	14.5031319899518
2002	168	18	229.31	85.805	111.34	36.45	25.25	0.37975	3.015	0	14.5031319879197
2002	168	19	17.388	6.975	5.26	2.575	23.79	0.44655	2.31	0	14.5059879335091
2002	168	20	0	0	0	0	22.47	0.4879	2.135	0	14.530982207892
2002	168	21	0.023	0	0	0	20.94	0.56345	1.915	0	14.5321366214162
2002	168	22	0	0	0	0	20.14	0.61125	2.305	0	14.5322972629493
2002	168	23	0.138	0	0	0	19.185	0.64785	2.53	0	14.5324614890284
2002	169	0	0.023	0	0	0	18.69	0.64885	2.595	0	14.5326356236942
2002	169	1	0.391	0	0	0	18.125	0.6642	3.255	0	14.5328110358992
2002	169	2	0.46	0	0	0	17.65	0.67365	3.77	0	14.5329840023562
2002	169	3	0.437	0.03	0	0	16.52	0.73345	2.77	0	14.5331306695468
2002	169	4	24.035	9.305	7.23	2.44	16.29	0.74245	2.46	0	14.5459542785492
2002	169	5	248.446	92.02	114.81	33.87	16.785	0.73865	2.695	0	14.5658991035593
2002	169	6	641.815	238.77	310.03	79.02	19.59	0.65335	2.695	0	14.5649689073051
2002	169	7	1050.456	393.305	517.255	120.505	22.17	0.55145	3.445	0	14.5649484743855
2002	169	8	883.43	327.975	434.45	96.19	23.785	0.45635	4.25	0	14.564948185589
2002	169	9	1692.133	658.745	850.92	175.945	24.97	0.4142	5.245	0	14.5649482894312
2002	169	10	1792.551	704.545	910.14	182.105	25.855	0.3446	5.92	0	14.5649486949235
2002	169	11	1765.365	690.74	899.53	179.56	26.27	0.3245	5.85	0	14.5649482092135
2002	169	12	1909.184	752.64	973.865	193.255	26.945	0.317	6.065	0	14.5649482972356
2002	169	13	1769.919	693.39	893.73	180.675	27.34	0.304	6.02	0	14.5649485727226
2002	169	14	1614.531	624.765	807.725	171.385	27.67	0.30635	5.05	0	14.5649482057888
2002	169	15	1238.021	467.605	611.87	139.21	27.81	0.30595	5.16	0	14.5649482313068
2002	169	16	996.406	372.555	486.845	121.745	28.055	0.2704	5.665	0	14.5649482170441
2002	169	17	530.472	195.2	250.935	71.025	27.815	0.2617	5.405	0	14.5649481859452
2002	169	18	167.417	60.375	71.725	23.485	26.75	0.29155	4.375	0	14.5649481358604
2002	169	19	9.959	4.095	1.5	0.515	24.79	0.38815	3.505	0	14.5663941786762
2002	169	20	0	0	0	0	23.11	0.47905	4.23	0	14.5815353049818
2002	169	21	0	0	0	0	22.42	0.54665	4.305	0	14.5823769156019
2002	169	22	0	0	0	0	21.04	0.6096	3.825	0	14.5825313644963
2002	169	23	0	0	0	0	20.415	0.63685	4.01	0	14.5826919390947
2002	170	0	0	0	0	0	19.6	0.67455	3.46	0	14.5828604347944
2002	170	1	0.023	0	0	0	18.935	0.7076	3.835	0	14.5830263256012
2002	170	2	0	0	0	0	18.56	0.7262	3.49	0	14.5831777466604
2002	170	3	0.299	0.03	0	0	18.04	0.756	3.61	0	14.5833077262061
2002	170	4	19.895	7.83	5.875	2.095	17.91	0.76805	3.665	0	14.5878393071015
2002	170	5	207.621	77.23	96.155	28.035	18.77	0.73975	4.26	0	14.6038477478116
2002	170	6	562.189	207.24	269.44	70.175	21.45	0.63855	5.32	0	14.6027390977573
2002	170	7	960.779	356.055	466.36	109.45	24.225	0.549	6.105	0	14.6027150380763
2002	170	8	1290.415	483.695	632.565	138.725	26.405	0.4837	6.855	0	14.6027146866733
2002	170	9	1397.756	524.59	690.14	147.26	27.765	0.4366	6.065	0	14.6027147612221
2002	170	10	1563.54	593.095	778.23	162.94	28.63	0.4127	4.26	0	14.6027150434396
2002	170	11	1661.796	634.875	828.97	170.84	29.265	0.3903	3.43	0	14.6027147523528
2002	170	12	1478.026	562.045	737.075	153.88	29.76	0.37735	3.13	0	14.6027149325418
2002	170	13	1171.827	429.56	571.07	125.57	29.885	0.37815	3.79	0	14.6027147930719
2002	170	14	1353.366	503.115	662.915	147.7	30.17	0.3704	4.895	0	14.602714719408
2002	170	15	957.191	351.005	461.3	104.13	30.32	0.3586	5.91	0	14.6027147242454
2002	170	16	556.876	202.515	264.865	62.09	30.3	0.3594	5.075	0	14.6027146995579
2002	170	17	89.424	31.75	35.175	8.625	29.435	0.3821	4.365	0	14.6027146918845
2002	170	18	46.874	17.575	16.62	4.585	28.435	0.4451	3.84	0	14.6026247724904
2002	170	19	7.843	3.405	0.93	0.355	27.62	0.48425	2.735	0	14.5907948844588
2002	170	20	0	0	0	0	26.06	0.5415	3.315	0	14.5936891623445
2002	170	21	0	0	0	0	24.485	0.63045	3.81	0	14.5939284731063
2002	170	22	0	0	0	0	23.97	0.6741	4.485	0	14.5940735778111
2002	170	23	0	0	0	0	23.3	0.70995	3.995	0	14.5942349456994
2002	171	0	0	0	0	0	22.805	0.74875	3.315	0	14.5944038348499
2002	171	1	0	0	0	0	22.345	0.78675	2.825	0	14.5945688727694
2002	171	2	0.069	0	0	0	22.105	0.8058	2.115	0	14.5947196454762
2002	171	3	0.437	0.03	0	0	21.77	0.82835	2.525	0	14.5948530482965
2002	171	4	12.512	5.21	3.775	1.15	21.715	0.849	2.24	0	14.5956335437325
2002	171	5	142.416	53.8	67.35	16.645	22.15	0.84475	2.77	0	14.601299396404
2002	171	6	408.457	152.795	200.87	49.995	23.73	0.78665	3.85	0	14.5995996809305
2002	171	7	834.21	313.475	415.145	98.275	25.645	0.7235	5.2	0	14.5995635872802
2002	171	8	1201.865	449.47	589.075	129.805	27.45	0.65805	5.225	0	14.5995630289149
2002	171	9	1492.125	566.115	736.115	152.495	29.11	0.58005	5.535	0	14.5995630711908
2002	171	10	1690.063	647.535	838.06	166.375	30.28	0.5171	5.44	0	14.5995632177852
2002	171	11	1642.016	631.66	820.22	164.725	31.095	0.46615	5.48	0	14.5995637680426
2002	171	12	1621.201	624.02	806.175	162.735	31.635	0.43235	4.985	0	14.5995630607935
2002	171	13	1618.671	624.135	809.99	169.805	31.92	0.4268	5.005	0	14.5995631069836
2002	171	14	1287.77	486.45	633.42	138.23	32.195	0.411	4.69	0	14.5995632260651
2002	171	15	1135.625	426.015	558.34	128.03	32.245	0.4175	4.735	0	14.5995630754066
2002	171	16	848.93	315.555	412.98	103.44	32.445	0.38405	3.88	0	14.5995630640211
2002	171	17	487.945	179.88	232.445	65.395	32.175	0.38295	4.15	0	14.5995630347269
2002	171	18	165.301	61.965	75.37	23.81	31.325	0.40875	3.46	0	14.5995629007301
2002	171	19	12.811	4.625	2.445	0.805	29.085	0.50455	3.1	0	14.6023281102863
2002	171	20	0	0.005	0	0	27.385	0.6013	2.77	0	14.6196844331504
2002	171	21	0	0	0	0	26.615	0.63555	2.255	0	14.620590788553
2002	171	22	0	0	0	0	26.125	0.6517	2.355	0	14.6207467618156
2002	171	23	0.023	0	0	0	24.525	0.7216	1.76	0	14.6209079889205
2002	172	0	0.138	0	0	0	23.89	0.747	2.295	0	14.6210801456405
2002	172	1	0.069	0	0	0	23.175	0.77245	1.995	0	14.6212510250295
2002	172	2	0.345	0	0	0	22.48	0.8035	1.745	0	14.6214098693025
2002	172	3	0.414	0.03	0	0	22.15	0.8169	2.215	0	14.6215502586249
2002	172	4	14.352	5.685	4.16	1.03	21.12	0.8572	2.1	0	14.6227253906189
2002	172	5	150.167	54.755	66.17	15.975	20.92	0.8618	1.295	0	14.6296062427834
2002	172	6	488.727	184.005	234.945	58.175	23.08	0.80045	1.485	0	14.6280482831577
2002	172	7	914.733	346.6	446.97	101.59	26.09	0.671	2.87	0	14.628015291084
2002	172	8	1292.784	497.29	639.84	134.995	28.105	0.5923	3.34	0	14.6280148001668
2002	172	9	1581.388	614.33	789.02	157.42	29.37	0.528	3.9	0	14.6280148620111
2002	172	10	1809.433	711.1	912.955	176.42	30.315	0.46935	3.885	0	14.62801508985
2002	172	11	1857.319	735.405	942.47	181.125	31.095	0.41595	3.755	0	14.6280149136498
2002	172	12	1808.26	716.165	917.475	179.34	31.865	0.3667	3.655	0	14.6280149057966
2002	172	13	1686.107	660.575	850.96	172.875	32.305	0.35235	3.905	0	14.6280148111334
2002	172	14	1576.673	612.205	788.76	166.8	32.72	0.32895	3.555	0	14.6280148184148
2002	172	15	1253.661	476.765	618.795	138.94	33.04	0.30115	3.56	0	14.6280148276512
2002	172	16	867.951	329.045	431.265	106.765	32.76	0.3274	4	0	14.6280148244402
2002	172	17	492.706	184.275	238.95	64.07	32.49	0.3245	3.525	0	14.6280146829391
2002	172	18	216.085	85.26	109.06	33.225	31.6	0.35695	2.955	0	14.6280148076249
2002	172	19	15.387	7.01	5.62	2.055	29.395	0.44895	2.535	0	14.6296379855016
2002	172	20	0	0.005	0	0	28.345	0.4803	2.44	0	14.6491302520026
2002	172	21	0	0	0	0	26.405	0.5582	0.89	0	14.6501807751737
2002	172	22	0	0	0	0	26.525	0.5441	1.745	0	14.6503389928373
2002	172	23	0	0	0	0	25.855	0.5819	2.84	0	14.6504994067526
2002	173	0	0	0	0	0	24.145	0.66235	2.31	0	14.6506673848834
2002	173	1	0	0	0	0	23.715	0.68265	1.945	0	14.6508316358336
2002	173	2	0	0	0	0	23.325	0.6808	1.905	0	14.6509814404356
2002	173	3	0.138	0.03	0	0	23.07	0.68065	2.26	0	14.651107874487
2002	173	4	13.547	6.01	4.27	0.915	22.885	0.68365	2.185	0	14.6520609345419
2002	173	5	148.212	59.86	73.595	18.71	22.605	0.7103	1.425	0	14.6578342856888
2002	173	6	436.862	173.9	223.635	56.165	24.135	0.6987	1.71	0	14.6562184910333
2002	173	7	666.08	245.545	317.01	70.085	26.695	0.58945	3.065	0	14.6561843602656
2002	173	8	820.87	297.84	379.835	77.57	28.405	0.52715	2.775	0	14.6561838416918
2002	173	9	1375.722	544.65	701.41	144.575	30.75	0.41125	2.845	0	14.6561838985219
2002	173	10	1503.464	596.43	763.27	152.505	31.775	0.345	2.49	0	14.6561841052022
2002	173	11	1325.122	531.235	687.81	140.715	32.235	0.30765	2.065	0	14.6561839875901
2002	173	12	1531.777	616.39	800.11	164.15	32.495	0.3051	2.86	0	14.6561838765082
2002	173	13	1476.117	580.64	751.805	156.635	32.72	0.28495	2.935	0	14.6561839422993
2002	173	14	1375.147	557.015	726.295	160.705	33.075	0.27545	3.06	0	14.6561841152563
2002	173	15	1050.548	417.325	543.375	125.9	32.95	0.2741	2.985	0	14.6561838686431
2002	173	16	712.954	283.375	369.67	92.445	32.815	0.2814	3.035	0	14.6561838652612
2002	173	17	375.659	151.135	195.675	53.305	32.41	0.2969	3.09	0	14.6561837217645
2002	173	18	129.398	54.035	65.585	18.4	31.275	0.3542	2.115	0	14.656183848682
2002	173	19	11.96	6.075	3.895	0.98	29.645	0.4173	2.245	0	14.656652703435
2002	173	20	0	0.005	0	0	28.505	0.45595	1.885	0	14.6689414878112
2002	173	21	0	0	0	0	27.95	0.4824	2.48	0	14.6696978014703
2002	173	22	0	0	0	0	25.43	0.6091	1.93	0	14.6698507191528
2002	173	23	0.023	0	0	0	24.03	0.68735	1.695	0	14.6700113499484
2002	174	0	0	0	0	0	23.295	0.73295	2.235	0	14.6701801007362
2002	174	1	0	0	0	0	22.765	0.7572	1.255	0	14.6703443747226
2002	174	2	0.184	0	0	0	22.135	0.7895	0.67	0	14.6704977672349
2002	174	3	0.322	0.03	0	0	21.795	0.80925	1.16	0	14.6706322965279
2002	174	4	14.697	6.575	4.705	1.075	21.425	0.8107	1.52	0	14.6718930374617
2002	174	5	165.968	67.24	81.735	21.85	21.26	0.80355	1.525	0	14.6782350053074
2002	174	6	489.647	194.205	245.465	61.705	23.265	0.7358	1.335	0	14.6767608272596
2002	174	7	882.51	346.33	444.815	100.36	25.98	0.57685	2.325	0	14.6767298319939
2002	174	8	1282.342	505.53	645.805	133.2	27.985	0.4664	2.855	0	14.6767293679154
2002	174	9	1579.042	630.475	803.11	156.31	28.965	0.38	3.365	0	14.6767294253959
2002	174	10	1776.727	719.36	913.07	170.435	29.75	0.3564	3.085	0	14.6767296350238
2002	174	11	1902.399	774.265	981.28	180.41	30.225	0.33815	3.265	0	14.6767295081942
2002	174	12	1894.74	774.175	976.97	179.52	30.875	0.3252	2.365	0	14.6767294082102
2002	174	13	1790.297	725.085	915.345	173.425	31.585	0.2979	2.8	0	14.6767294877252
2002	174	14	1575.569	629.45	796.26	159.125	31.935	0.2872	2.81	0	14.6767296985031
2002	174	15	1274.062	501.005	636.63	137.23	32.04	0.2854	3.37	0	14.6767293908278
2002	174	16	906.384	352.815	448.48	106.375	32.115	0.291	2.595	0	14.6767293891542
2002	174	17	526.746	201.77	256.425	69.595	31.805	0.3071	2.86	0	14.6767292876807
2002	174	18	187.105	72.01	87.74	28.095	30.58	0.35165	3.61	0	14.6767293641974
2002	174	19	16.468	6.69	4.2	2.01	28.37	0.41805	2.76	0	14.6775341398982
2002	174	20	0	0.005	0	0	27.55	0.4361	2.575	0	14.6944282335775
2002	174	21	0	0	0	0	26.54	0.47615	1.31	0	14.6954370604761
2002	174	22	0	0	0	0	24.39	0.5462	0.975	0	14.6955942374075
2002	174	23	0	0	0	0	23.985	0.57565	1.63	0	14.6957542024338
2002	175	0	0.023	0	0	0	24.065	0.5802	2.385	0	14.6959222327493
2002	175	1	0.023	0	0	0	22.74	0.658	2.115	0	14.6960872352092
2002	175	2	0.23	0	0	0	22.62	0.68505	2.525	0	14.6962426258749
2002	175	3	0.253	0.03	0	0	22.015	0.72855	2.81	0	14.6963772296895
2002	175	4	18.331	7.315	5.6	1.44	21.565	0.7772	2.54	0	14.6993525857434
2002	175	5	206.747	79.37	97.68	25.885	21.7	0.80025	1.595	0	14.7077874821968
2002	175	6	558.509	210.49	264.445	63.815	24.935	0.7195	2.04	0	14.7065538557706
2002	175	7	919.885	349.635	444.35	96.015	27.295	0.6599	1.95	0	14.7065280667446
2002	175	8	1267.415	484.03	610.175	118.735	28.58	0.6167	1.935	0	14.7065276923428
2002	175	9	1536.906	594.2	747.185	137.97	29.63	0.5551	2.545	0	14.7065277629055
2002	175	10	1286.137	494.63	623.335	112.845	30.135	0.52175	2.59	0	14.7065280275757
2002	175	11	1729.807	680.49	857.805	154.925	30.985	0.49885	3.105	0	14.7065277690272
2002	175	12	2044.769	808.11	1019.69	186.235	31.695	0.4689	3.275	0	14.7065279753909
2002	175	13	1383.105	527.325	667.675	126.1	32.075	0.45085	2.915	0	14.7065277681229
2002	175	14	1566.622	600.575	755.435	147.535	32.575	0.42545	2.575	0	14.706527848248
2002	175	15	1483.914	567.62	716.165	148.975	33.195	0.39885	2.09	0	14.7065277054525
2002	175	16	251.16	85.835	108.815	25.475	28.7	0.568	6.29	0	14.7065277074837
2002	175	17	28.911	9.43	8.74	3.05	23.135	0.81655	4.965	0	14.694688027303
2002	175	18	22.31	8.575	5.57	1.595	25.355	0.73855	3.345	0	14.5519649032785
2002	175	19	3.841	1.745	0.065	0.315	24.865	0.84735	2.41	0	14.5537963347546
2002	175	20	0.414	0.005	0	0	24.88	0.8581	2.69	0	14.5541033724411
2002	175	21	0.46	0	0	0	24.92	0.84925	3.695	0	14.554250332715
2002	175	22	0.437	0	0	0	24.14	0.88255	3.06	0	14.5544224375058
2002	175	23	0.414	0	0	0	23.495	0.8982	1.715	0	14.5546125761249
2002	176	0	0.46	0	0	0	23.415	0.8818	2.09	0.0105833333333333	14.5548093639972
2002	176	1	0.46	0	0	0	22.79	0.9186	1.6	0.0105833333333333	14.5550020855166
2002	176	2	0.506	0	0	0	22.515	0.92935	2.195	0.0105833333333333	14.5551753060744
2002	176	3	0.483	0.01	0	0	22.495	0.9232	0.365	0.0105833333333333	14.5553184768827
2002	176	4	8.671	4.35	2.78	1.1	22.445	0.93835	0.86	0.0105833333333333	14.5556551824566
2002	176	5	59.593	22.225	23.465	5.49	22.39	0.95495	2.41	0.0105833333333333	14.5414288679939
2002	176	6	179.837	65.975	79.795	15.845	22.51	0.93435	2.585	0.0105833333333333	14.5339325946844
2002	176	7	266.731	96.19	118.47	23.28	23.01	0.89575	3.68	0.0105833333333333	14.5337801001659
2002	176	8	493.833	177.35	224.21	43.875	23.825	0.8447	4.5	0.0105833333333333	14.5337778877216
2002	176	9	835.13	300.85	386.69	75.225	24.56	0.82335	4.415	0.0105833333333333	14.5337778834125
2002	176	10	1910.081	744.76	939.805	165.715	26.365	0.76865	2.01	0.0105833333333333	14.5337778472209
2002	176	11	1875.098	737.57	926.455	162.08	28.215	0.6997	1.36	0.0105833333333333	14.5337778620494
2002	176	12	2005.37	785.875	993.405	181.995	29.365	0.62155	2.55	0.0105833333333333	14.5337778949772
2002	176	13	1885.862	720.845	921.985	179.805	30.06	0.5664	2.82	0.0105833333333333	14.5337779868039
2002	176	14	430.031	156.275	196.56	40.37	29.365	0.5955	2.345	0.0105833333333333	14.5337782283484
2002	176	15	106.122	35.69	39.825	9.24	26.67	0.7542	3.275	0.0105833333333333	14.5337778711958
2002	176	16	175.513	62.74	73.82	15.395	24.695	0.80765	3.21	0.0105833333333333	14.5337778698622
2002	176	17	222.525	81.185	99.515	20.84	25.22	0.7571	2.64	0.0105833333333333	14.533777784084
2002	176	18	94.622	35.545	40.24	8.695	25.605	0.75825	1.325	0.0105833333333333	14.5337778340462
2002	176	19	8.855	3.705	2.1	0.675	25.145	0.80495	1.985	0.0105833333333333	14.5450744441557
2002	176	20	0.092	0.005	0	0	24.435	0.85475	2.105	0.0105833333333333	14.558972460603
2002	176	21	0.207	0	0	0.055	23.55	0.88495	3.26	0.0105833333333333	14.5595782289648
2002	176	22	0.713	0	0	0.015	23.185	0.9198	2.135	0.0105833333333333	14.5597536312852
2002	176	23	0.483	0	0	0.01	22.35	0.93895	2.2	0.0105833333333333	14.5599523894256
2002	177	0	0.805	0	0	0	21.85	0.93925	3.055	0	14.5601602947915
2002	177	1	0.828	0	0	0	21.395	0.95265	2.01	0	14.5603751028515
2002	177	2	0.897	0	0	0	21.305	0.9387	2.69	0	14.5605716513558
2002	177	3	0.92	0.01	0	0	21.08	0.9498	2.545	0	14.5607358506519
2002	177	4	11.27	4.205	2.18	0.74	21.275	0.94885	3.11	0	14.5613414524134
2002	177	5	103.96	40.96	46.395	9.11	21.385	0.95	3.245	0	14.5568014963616
2002	177	6	216.223	82.14	98.88	18.375	22.15	0.9261	3.73	0	14.5542955746143
2002	177	7	518.213	193.85	243.65	45.69	23.42	0.8654	4.615	0	14.5542441909309
2002	177	8	965.31	354.91	456.385	88.7	24.925	0.78295	5.11	0	14.5542434844192
2002	177	9	1270.244	468.785	608.08	116.81	25.69	0.74155	6.69	0	14.5542434270672
2002	177	10	1521.542	575.4	745.05	141.39	26.135	0.75945	5.34	0	14.5542434869826
2002	177	11	1612.645	606.57	789.76	148.825	27.325	0.6927	4.495	0	14.5542436949016
2002	177	12	1337.726	500.955	649.975	123.45	28.355	0.6513	4.85	0	14.5542435363241
2002	177	13	1700.643	650.65	831.255	159.535	28.91	0.6414	5.93	0	14.5542434775604
2002	177	14	1632.701	623.46	793.535	159.645	29.79	0.57475	6.775	0	14.5542434400409
2002	177	15	1335.978	501.28	636.91	137.515	29.915	0.55205	6.985	0	14.5542434531989
2002	177	16	969.979	356.695	457.55	107.41	30.07	0.5337	6.54	0	14.5542434424249
2002	177	17	570.193	205.615	261.11	69.73	29.9	0.55065	6.66	0	14.5542434013034
2002	177	18	168.912	58.185	68.045	20.275	28.8	0.5912	5.11	0	14.5542434265171
2002	177	19	9.039	3.015	0.75	0.685	26.99	0.6334	4.045	0	14.5613982809761
2002	177	20	0	0	0	0.01	24.995	0.7507	2.975	0	14.5824755355299
2002	177	21	0.046	0	0	0	24.405	0.7864	3.13	0	14.5833646807363
2002	177	22	0.046	0	0	0	23.39	0.8699	3.255	0	14.5835239296913
2002	177	23	0.207	0	0	0	23.49	0.86505	3.32	0	14.5836919366941
2002	178	0	0.391	0	0	0.025	22.92	0.87805	3.41	0	14.5838774317818
2002	178	1	0.322	0	0	0	22.445	0.8962	2.805	0	14.5840625034207
2002	178	2	0.46	0	0	0	22.795	0.8743	2.505	0	14.5842305394972
2002	178	3	0.138	0	0	0.12	22.105	0.8279	3.865	0	14.5843676339918
2002	178	4	7.13	2.685	0.97	0.55	21.32	0.8507	3.65	0	14.584617262502
2002	178	5	109.503	40.555	47.335	10.88	21.14	0.8715	3.215	0	14.577814057949
2002	178	6	334.581	122.655	156.425	34.715	22.115	0.85175	3.245	0	14.5751038612849
2002	178	7	760.61	277.52	359.41	79.54	23.99	0.8449	4.78	0	14.5750478885613
2002	178	8	1256.191	466.85	603.745	126.175	25.595	0.7835	5.11	0	14.5750470611439
2002	178	9	1494.908	565.355	735.01	150.46	26.995	0.7048	4.705	0	14.5750471437074
2002	178	10	1315.922	495.07	649.28	133.76	27.375	0.70195	4.9	0	14.575047042843
2002	178	11	1334.046	507.415	662.04	134.9	27.9	0.6784	4.365	0	14.5750470543705
2002	178	12	1516.919	575.735	751.985	152.715	28.4	0.6502	4.92	0	14.575047076114
2002	178	13	1374.779	518.905	675.85	139.225	28.645	0.61965	6.12	0	14.5750471322106
2002	178	14	1589.599	604.405	779.33	164.4	29.005	0.52355	6.595	0	14.5750472767263
2002	178	15	1376.09	519.605	670.88	150.585	29.13	0.45725	5.915	0	14.575047076764
2002	178	16	894.355	340.37	446.185	111.495	28.28	0.5015	6.705	0	14.5750470694395
2002	178	17	510.186	197.625	260.74	71.69	27.36	0.54305	6.67	0	14.5750468619597
2002	178	18	147.223	58.695	73.19	22.095	26.07	0.6043	4.85	0	14.575047055245
2002	178	19	14.26	6.165	4.58	1.745	24.785	0.6792	1.535	0	14.5817630236589
2002	178	20	0	0.01	0	0	23.515	0.74645	2.105	0	14.6031577805242
2002	178	21	0	0	0	0.015	22.135	0.81345	2.87	0	14.6040923194478
2002	178	22	0.253	0	0	0	21.525	0.83525	2.36	0	14.6042553028939
2002	178	23	0.46	0	0	0	20.705	0.83375	2.64	0	14.6044360505155
2002	179	0	0.46	0	0	0	20.05	0.8462	2.555	0	14.6046323310427
2002	179	1	0.46	0	0	0	19.55	0.847	2.14	0	14.6048236795349
2002	179	2	0.414	0	0	0	19.005	0.85445	2.135	0	14.6049958395885
2002	179	3	0.46	0.015	0	0	18.52	0.88495	1.355	0	14.6051371717803
2002	179	4	14.95	5.9	4.14	1.11	18.17	0.8963	0.97	0	14.6064448086814
2002	179	5	138.253	58.12	69.37	16.465	17.895	0.91115	0.73	0	14.6087570660957
2002	179	6	395.209	165.665	209.4	49.36	19.68	0.8724	0.78	0	14.6070708448709
2002	179	7	745.89	300	389.08	89.88	22.13	0.75535	1.06	0	14.6070360245269
2002	179	8	1096.318	433.905	567.65	126.725	23.77	0.65445	1.955	0	14.6070354993897
2002	179	9	1387.429	552.225	717.775	152.05	25.125	0.6119	1.52	0	14.6070355564163
2002	179	10	1478.44	582.85	762.49	157.2	26.005	0.5823	1.985	0	14.6070357631699
2002	179	11	1411.74	554.995	725.575	148.41	26.54	0.55565	2.015	0	14.6070356447395
2002	179	12	1502.659	658.86	867.175	182.555	27.28	0.5235	2.16	0	14.6070355344047
2002	179	13	1615.06	665.775	868.545	185.73	28.3	0.48995	1.355	0	14.6070356002039
2002	179	14	1243.679	491.07	641.385	143.11	28.505	0.48655	1.61	0	14.6070357716853
2002	179	15	1000.408	392.815	510.585	115.715	28.725	0.4804	1.245	0	14.6070355259135
2002	179	16	700.028	274.745	353.735	86.635	28.805	0.4773	1.09	0	14.6070355216098
2002	179	17	483.92	195.345	250.975	68.965	29.29	0.46565	0.885	0	14.6070353768066
2002	179	18	154.537	59.565	69.105	19.01	27.96	0.5156	0.675	0	14.6070355060191
2002	179	19	14.398	5.785	3.07	1.105	26.565	0.57155	1.64	0	14.6120911046232
2002	179	20	0.023	0.005	0	0	24.87	0.66485	2.285	0	14.6323110361144
2002	179	21	0	0	0	0	23.905	0.6962	2.205	0	14.6332535946725
2002	179	22	0.161	0	0	0	22.87	0.7203	2.53	0	14.6334143378242
2002	179	23	0.437	0	0	0	21.945	0.76805	1.675	0	14.6335910704679
2002	180	0	0.46	0	0	0	22.13	0.75125	1.11	0	14.6337861339363
2002	180	1	0.483	0	0	0	21.04	0.7975	1.53	0	14.6339780429335
2002	180	2	0.46	0	0	0	19.77	0.8732	2.92	0	14.6341520053657
2002	180	3	0.529	0.015	0	0	19.36	0.9043	2.54	0	14.6342961459802
2002	180	4	11.96	5.62	3.485	1.045	19.8	0.87955	2.09	0	14.6349795162845
2002	180	5	118.588	51.37	61.415	15.49	20.04	0.86145	2.39	0	14.6341056525781
2002	180	6	320.252	138.15	177.235	43.715	21.39	0.85965	2.45	0	14.6320048620841
2002	180	7	597.793	248.945	326.575	79.52	23.83	0.76825	3.06	0	14.6319613678357
2002	180	8	904.383	370.375	487.035	113.95	25.84	0.66935	3.775	0	14.6319607551996
2002	180	9	1195.218	484.82	636.44	141.84	27.125	0.6083	4.27	0	14.6319609107677
2002	180	10	1426.483	576.69	755.295	162.715	28.115	0.59215	4.19	0	14.6319615303443
2002	180	11	1359.599	547.25	720.84	155.94	28.895	0.59015	3.825	0	14.6319607523165
2002	180	12	1333.034	525.695	692.705	151.08	29.315	0.593	4.29	0	14.6319608072827
2002	180	13	1209.593	479.325	633.445	142.05	29.97	0.57325	4.1	0	14.631960971925
2002	180	14	1098.388	444.31	591.74	138.12	30.53	0.56045	3.95	0	14.6319607928085
2002	180	15	765.762	300.54	395.325	94.21	30.805	0.5448	3.32	0	14.631960826285
2002	180	16	496.018	196.17	257.34	65.02	30.75	0.5536	3.005	0	14.6319607472258
2002	180	17	210.289	81.245	103.155	26.05	30.075	0.61975	3.11	0	14.6319607458049
2002	180	18	67.919	32.66	40.015	13.095	29.235	0.6785	2.92	0	14.6319609171913
2002	180	19	12.397	4.925	2.74	1.22	28.01	0.73955	2.82	0	14.6381998509574
2002	180	20	0.046	0.02	0	0	26.965	0.77255	3.17	0	14.6467538107819
2002	180	21	0.046	0	0	0	26.345	0.8004	3.35	0	14.6472248142875
2002	180	22	0.184	0	0	0	25.98	0.81485	2.985	0	14.6473792989306
2002	180	23	0.092	0	0	0	25.375	0.8294	3.29	0	14.6475482948603
2002	181	0	0.299	0	0	0	24.71	0.8552	3.01	0	14.6477270110843
2002	181	1	0.414	0	0	0	23.95	0.88865	2.935	0	14.6479111966467
2002	181	2	0.437	0	0	0	23.505	0.90325	2.625	0	14.6480817156898
2002	181	3	0.46	0.01	0	0	22.89	0.925	2.515	0	14.6482242094079
2002	181	4	11.385	4.705	3.105	1.035	22.475	0.9393	2.21	0	14.6488215365153
2002	181	5	121.532	50.835	61.115	15.705	22.64	0.93995	2.25	0	14.6464106028619
2002	181	6	348.634	142.545	182.72	45.245	24.245	0.89135	2.955	0	14.6442906735086
2002	181	7	661.963	264.925	345.81	81.545	26.44	0.7962	3.99	0	14.6442470664032
2002	181	8	967.564	384.64	501.83	111.8	27.875	0.7423	4.49	0	14.6442464080372
2002	181	9	1281.79	507.75	660.36	139.425	28.935	0.70105	4.625	0	14.6442464719468
2002	181	10	1510.249	604.795	782.76	159.32	30.145	0.6309	3.89	0	14.6442467076351
2002	181	11	1565.84	630.675	819.93	168.34	30.925	0.57985	4.305	0	14.6442465115106
2002	181	12	1361.738	532.41	685.97	140.465	31.395	0.54975	4.43	0	14.6442465651111
2002	181	13	1342.165	528.21	684.155	144.815	31.85	0.5204	4.68	0	14.6442464242898
2002	181	14	1159.867	455.865	592.785	128.92	31.985	0.52485	4.405	0	14.6442464411682
2002	181	15	968.254	374.88	487.55	110.72	32.21	0.5062	4.475	0	14.6442464674176
2002	181	16	662.446	258.03	335.715	81.71	31.83	0.5325	4.67	0	14.6442464375119
2002	181	17	328.164	121.91	152.065	37.805	31.23	0.56405	3.78	0	14.6442464194755
2002	181	18	136.896	54.505	66.485	19.415	30.35	0.5909	2.815	0	14.6442463790724
2002	181	19	12.88	5.02	3.105	1.24	28.62	0.65325	3.085	0	14.6479779797232
2002	181	20	0	0.005	0	0	26.975	0.71845	2.96	0	14.6640942011773
2002	181	21	0.023	0	0	0	25.735	0.77685	2.89	0	14.664926171789
2002	181	22	0.046	0	0	0	25.05	0.8013	3.165	0	14.6650827745628
2002	181	23	0.092	0	0	0	24.25	0.82945	2.925	0	14.6652469814483
2002	182	0	0.299	0	0	0	23.72	0.84795	2.695	0	14.6654253711824
2002	182	1	0.437	0	0	0	23.275	0.86615	2.47	0	14.6656098608239
2002	182	2	0.46	0	0	0	22.56	0.8965	1.71	0	14.6657820305642
2002	182	3	0.552	0.015	0	0	22.225	0.9047	1.585	0	14.6659268995036
2002	182	4	13.432	5.725	3.91	0.92	22.04	0.90825	1	0	14.6668696686093
2002	182	5	148.097	60.565	72.26	16.855	22.43	0.90235	1.11	0	14.6675120925871
2002	182	6	346.38	140.505	176.365	38.83	24.3	0.8514	1.555	0	14.6658109367067
2002	182	7	592.365	232.02	294.84	61.26	26.415	0.7397	3.065	0	14.665775943335
2002	182	8	1185.42	474.74	603.1	120.96	28.265	0.64235	3.425	0	14.6657754146161
2002	182	9	1480.579	597.625	762.64	145.57	29.7	0.5581	4.47	0	14.6657754712577
2002	182	10	1700.298	692.985	884.29	163.57	30.515	0.5016	4.675	0	14.6657756765814
2002	182	11	1813.642	745.75	949.22	173.84	31.23	0.46255	4.27	0	14.6657755622597
2002	182	12	1817.736	747.495	945.09	175.635	31.565	0.4419	5.09	0	14.6657754470902
2002	182	13	1715.087	705.72	890.895	169.88	32.21	0.38605	5.495	0	14.6657755071833
2002	182	14	1500.129	612.33	777.17	153.61	32.53	0.3915	5.305	0	14.6657756628147
2002	182	15	1207.5	486.72	620.095	130.11	32.605	0.3996	5.165	0	14.6657754430578
2002	182	16	852.495	340.765	433.515	98.9	32.495	0.40825	4.665	0	14.6657754369692
2002	182	17	484.357	193.1	242.015	62.125	32.075	0.4317	4.05	0	14.6657752609303
2002	182	18	175.697	69.31	83.05	23.83	30.8	0.4928	2.91	0	14.6657754231184
2002	182	19	16.146	6.725	4.695	1.345	29.115	0.559	2.205	0	14.6683814860664
2002	182	20	0	0.005	0	0	27.34	0.6366	1.925	0	14.687840016333
2002	182	21	0	0	0	0	26.335	0.65985	1.76	0	14.6888495248791
2002	182	22	0	0	0	0	25.51	0.68215	2.015	0	14.6890073586599
2002	182	23	0.207	0	0	0	24.275	0.74375	1.05	0	14.6891726124256
2002	183	0	0.46	0	0	0	24.055	0.75895	0.845	0.0211666666666667	14.6893583921685
2002	183	1	0.46	0	0	0	23.355	0.7982	1.88	0.0211666666666667	14.6895493982854
2002	183	2	0.46	0	0	0	22.4	0.8381	1.06	0.0211666666666667	14.6897227787391
2002	183	3	0.46	0	0	0	21.665	0.8661	0.61	0.0211666666666667	14.6898665317377
2002	183	4	11.914	5.115	3.315	0.725	21.51	0.87425	1.035	0.0211666666666667	14.6905410931437
2002	183	5	160.425	64.31	75.295	17.71	22.095	0.8512	0.3	0.0211666666666667	14.6905337720756
2002	183	6	486.864	197.23	242.845	54.62	24.475	0.79235	0.67	0.0211666666666667	14.6888470386371
2002	183	7	857.072	343.425	434.595	90.815	26.84	0.6649	2.285	0.0211666666666667	14.6888123378851
2002	183	8	1213.411	489.94	620.835	121.305	28.645	0.53135	2.82	0.0211666666666667	14.6888118144009
2002	183	9	1498.795	615.98	779.745	144	30.225	0.44515	2.56	0.0211666666666667	14.6888118709499
2002	183	10	1682.335	706.935	894.445	159.255	31.595	0.40655	1.67	0.0211666666666667	14.6888120761271
2002	183	11	1788.434	754.815	952.955	168.015	32.25	0.4065	1.77	0.0211666666666667	14.6888119620982
2002	183	12	1794.782	760.04	957.315	170.59	32.825	0.39785	1.67	0.0211666666666667	14.6888118465358
2002	183	13	1708.164	720.13	908.685	166.685	33.075	0.3884	1.875	0.0211666666666667	14.6888119061876
2002	183	14	1083.783	448.56	562.22	105.675	33.28	0.38005	1.355	0.0211666666666667	14.6888120606845
2002	183	15	836.74	346.7	430.275	85.735	33.31	0.38325	1.325	0.0211666666666667	14.6888118427981
2002	183	16	848.033	353.785	441.895	96.695	33.97	0.36285	1.265	0.0211666666666667	14.6888118365519
2002	183	17	432.906	178.795	219.74	52.99	33.75	0.378	1.325	0.0211666666666667	14.6888116577848
2002	183	18	158.033	66.645	78.195	20.84	32.255	0.4662	1.295	0.0211666666666667	14.6888118227158
2002	183	19	11.339	4.965	2.07	0.165	30.44	0.4895	0.33	0.0211666666666667	14.6895928055381
2002	183	20	0.023	0.005	0	0	29.715	0.5291	2.27	0.0211666666666667	14.7036490942725
2002	183	21	0	0	0	0	27.41	0.61755	1.14	0.0211666666666667	14.7044842804887
2002	183	22	0	0	0	0	26.795	0.6333	0.915	0.0211666666666667	14.7046388704433
2002	183	23	0	0	0	0	26.025	0.66035	0.625	0.0211666666666667	14.7047990521219
2002	184	0	0.046	0	0	0	25.185	0.70365	1.285	0	14.7049675312667
2002	184	1	0.138	0	0	0	23.93	0.7637	2.41	0	14.7051361592542
2002	184	2	0.299	0	0	0	23.78	0.76625	2.265	0	14.7052950663606
2002	184	3	0.368	0	0	0	24.075	0.73995	1.025	0	14.7054326448622
2002	184	4	13.8	6.105	3.905	0.83	23.235	0.7873	1.02	0	14.7064429997753
2002	184	5	159.206	65.75	76.52	18.15	23.39	0.78925	1.3	0	14.7077718070533
2002	184	6	466.072	191.93	236.455	53.42	26.15	0.739	0.59	0	14.7061627187475
2002	184	7	833.106	341.665	428.335	89.195	28.93	0.6257	1.315	0	14.7061296190357
2002	184	8	1167.894	483.34	607.24	118.275	30.265	0.56135	1.795	0	14.7061291250677
2002	184	9	1457.74	605.86	763.82	140.745	31.37	0.5025	1.925	0	14.7061291824539
2002	184	10	1683.278	705.35	892.605	161.4	32.015	0.4697	2.57	0	14.7061293910369
2002	184	11	1590.036	666.09	843.13	152.605	32.285	0.44745	3.28	0	14.7061292666719
2002	184	12	1521.358	640.925	810.81	148.85	32.935	0.4178	3.32	0	14.706129163298
2002	184	13	1024.581	421.675	532.675	99.97	32.785	0.42515	3.02	0	14.7061292374647
2002	184	14	1294.44	539.39	682.325	132.11	33.32	0.4081	3.26	0	14.706129431798
2002	184	15	1138.017	475.42	602.67	123.925	33.52	0.3841	3.095	0	14.7061291486983
2002	184	16	817.351	341.475	429.935	94.945	33.855	0.32455	2.495	0	14.706129145724
2002	184	17	455.768	189.765	236.26	58.225	33.35	0.36995	2.58	0	14.7061290304311
2002	184	18	149.063	61.72	71.995	18.585	31.92	0.4748	1.845	0	14.7061291251281
2002	184	19	13.432	6.1	3.91	0.905	30.395	0.51465	1.675	0	14.706796113103
2002	184	20	0	0.005	0	0	29.16	0.5484	1.865	0	14.7206265670659
2002	184	21	0	0	0	0	29.315	0.559	1.485	0	14.7214763972424
2002	184	22	0	0	0	0.015	27.91	0.6069	1.765	0	14.7216310570269
2002	184	23	0	0	0	0	26.555	0.6736	1.065	0	14.7217910251059
2002	185	0	0	0	0	0	25.075	0.742	1.145	0	14.7219584112183
2002	185	1	0.299	0	0	0	24.795	0.7662	1.085	0	14.7221289873616
2002	185	2	0.46	0	0	0	24.255	0.7985	1.455	0	14.722296659336
2002	185	3	0.46	0	0	0	23.045	0.8721	2.1	0	14.7224405258053
2002	185	4	13.708	5.78	3.98	0.895	22.64	0.9008	2	0	14.7234422643085
2002	185	5	158.355	65.28	77	18.725	22.91	0.90085	1.39	0	14.7245641482577
2002	185	6	428.674	179.47	222.045	50.785	25.22	0.83865	0.995	0	14.7229437394914
2002	185	7	782.667	325.005	408.2	85.27	27.725	0.73405	1.485	0	14.7229104295463
2002	185	8	1115.891	464.655	584.41	113.32	29.86	0.63335	1.365	0	14.7229099316935
2002	185	9	1409.371	590.99	741.955	135.455	31.37	0.55945	1.165	0	14.7229099888089
2002	185	10	1430.232	598.5	747.57	129.88	31.94	0.55235	1.395	0	14.7229101962822
2002	185	11	1610.207	678.83	856.82	153.055	32.265	0.52515	2.18	0	14.7229100752147
2002	185	12	1577.547	671.425	843.35	150.625	32.985	0.48665	2.065	0	14.7229099677894
2002	185	13	1346.88	566.305	711.56	133.38	33.18	0.4826	2.31	0	14.7229100368908
2002	185	14	1279.674	541.065	676.89	129.32	33.74	0.44315	2.35	0	14.7229102172723
2002	185	15	1111.521	473.27	593.96	120.25	33.91	0.43145	2.37	0	14.7229099565436
2002	185	16	722.338	302.78	377.795	81.335	33.735	0.44505	2.395	0	14.7229099527131
2002	185	17	423.982	180.45	225.185	52.93	33.17	0.48215	2.3	0	14.7229098213558
2002	185	18	145.452	59.26	70.285	15.905	31.645	0.5439	2.66	0	14.7229099355479
2002	185	19	9.2	4.05	2.015	0.53	30.545	0.58885	2.85	0	14.7211585778793
2002	185	20	0.023	0	0	0.015	28.73	0.67865	3.025	0	14.7320060488379
2002	185	21	0	0	0	0	27.58	0.71675	2.635	0	14.732746288572
2002	185	22	0	0	0	0	27.05	0.722	3.04	0	14.7328988665161
2002	185	23	0.046	0	0	0.015	25.8	0.78715	2.645	0	14.733059543594
2002	186	0	0.322	0	0	0	24.905	0.82685	2.875	0	14.7332365181033
2002	186	1	0.115	0	0	0	24.4	0.7885	3.38	0	14.7334134950273
2002	186	2	0	0	0	0	23.57	0.7467	3.755	0	14.7335657328273
2002	186	3	0.023	0	0	0	23.215	0.63705	3.13	0	14.7336903826027
2002	186	4	13.087	6.08	4.305	1.475	22.395	0.66895	2.67	0	14.7345234018198
2002	186	5	152.329	63.34	75.515	19.8	22.03	0.77025	2.535	0	14.7350159027507
2002	186	6	433.941	177.515	223.73	53.93	23.44	0.72265	3.41	0	14.7333269719781
2002	186	7	795.087	324.03	412.535	88.65	25.405	0.636	2.675	0	14.7332922477846
2002	186	8	1131.37	466.54	589.915	116.415	27.565	0.5571	1.83	0	14.7332917245489
2002	186	9	1422.182	595.54	747.615	137.395	29.66	0.51885	1.205	0	14.73329178128
2002	186	10	1629.734	688.675	861.675	152.005	30.9	0.51285	1.315	0	14.7332919869932
2002	186	11	1718.905	729.2	916.41	160.115	31.58	0.5088	2.07	0	14.7332918714344
2002	186	12	1764.652	746.11	936.875	164.855	32.185	0.4954	2.285	0	14.7332917576391
2002	186	13	1510.502	631.705	792.13	144.36	32.285	0.49155	2.845	0	14.7332918192604
2002	186	14	1400.424	588.92	741.745	142.085	32.385	0.4814	3.31	0	14.7332919790657
2002	186	15	1154.991	484.545	611.35	126.16	32.275	0.4795	3.995	0	14.7332917522385
2002	186	16	810.014	337.67	424.95	95.22	31.985	0.47735	4.605	0	14.7332917466147
2002	186	17	447.925	187.075	231.55	59.42	31.26	0.49765	4.77	0	14.7332915800947
2002	186	18	149.04	62.23	72.61	21.62	30.04	0.5357	4.08	0	14.7332917325315
2002	186	19	12.765	5.115	2.83	1.345	28.475	0.576	3.355	0	14.7324292361425
2002	186	20	0	0	0	0	27.33	0.5992	2.58	0	14.7443968918421
2002	186	21	0	0	0	0	26.495	0.5783	3.595	0	14.7452162544747
2002	186	22	0	0	0	0	25.07	0.6394	3.355	0	14.7453700888123
2002	186	23	0	0	0	0	23.615	0.6852	3.08	0	14.7455297341963
2002	187	0	0	0	0	0	22.655	0.70165	2.545	0	14.7456968995225
2002	187	1	0.023	0	0	0	22.17	0.7018	2.77	0	14.7458612986103
2002	187	2	0	0	0	0	21.595	0.70235	3.12	0	14.7460109095642
2002	187	3	0.023	0	0	0	20.735	0.71835	2.745	0	14.7461348608246
2002	187	4	10.81	5.135	2.94	1.235	20.3	0.7195	2.925	0	14.7466469634274
2002	187	5	131.054	50.975	57.96	14.67	20.145	0.72515	2.99	0	14.744739769973
2002	187	6	456.389	181.655	228.02	54.91	21.445	0.63525	3.75	0	14.7427246999242
2002	187	7	834.095	334.005	426.885	92.395	22.925	0.48715	4.9	0	14.7426831576628
2002	187	8	1204.855	488.34	622.53	124.86	24.26	0.4153	4.765	0	14.7426825663935
2002	187	9	1514.297	624.1	789.755	148.2	25.725	0.3627	3.305	0	14.7426826861748
2002	187	10	1721.389	717.965	905.78	162.985	27.28	0.36365	2.565	0	14.7426831558202
2002	187	11	1804.994	760.285	956.785	167.975	28.575	0.3344	2.145	0	14.742682578652
2002	187	12	1820.864	764.185	963.435	170.365	29.44	0.32705	3.055	0	14.7426826482941
2002	187	13	1570.969	650.32	822.505	150.645	29.425	0.3537	4.085	0	14.7426828607628
2002	187	14	1514.619	629.775	788.755	149.695	29.655	0.37665	4.47	0	14.742682591184
2002	187	15	1145.699	473.49	593.06	119.335	29.88	0.4025	3.595	0	14.7426826256108
2002	187	16	760.84	311.33	391	86.34	29.8	0.4153	4.065	0	14.7426825843904
2002	187	17	468.648	192.515	239.145	60.935	28.995	0.4797	4.29	0	14.7426825628824
2002	187	18	165.646	66.99	78.415	22.3	28.11	0.52205	3.045	0	14.7426825322509
2002	187	19	14.053	5.73	3.235	1.18	26.635	0.52005	2.26	0	14.7416863132505
2002	187	20	0	0	0	0	25.305	0.56015	1.045	0	14.7541261283392
2002	187	21	0	0	0	0	24.905	0.5714	1.48	0	14.7550092028548
2002	187	22	0.023	0	0	0	24.17	0.6175	1.975	0	14.75516446965
2002	187	23	0	0	0	0	23.675	0.63235	1.575	0	14.7553246190656
2002	188	0	0.023	0	0	0.01	21.62	0.786	1.68	0	14.7554919796626
2002	188	1	0.046	0	0	0	22.055	0.7461	1.995	0	14.7556578344419
2002	188	2	0.23	0	0	0	21.95	0.72825	1.895	0	14.7558127115189
2002	188	3	0.414	0	0	0	21.45	0.7155	1.6	0	14.7559494984984
2002	188	4	12.558	5.31	3.555	1.03	20.395	0.77435	1.435	0	14.7567299261183
2002	188	5	147.545	56.91	65.81	15.245	20.165	0.8033	1.555	0	14.7572241725319
2002	188	6	513.912	203.34	250.255	59.225	23.35	0.6654	1.46	0	14.7554814606211
2002	188	7	887.11	355.025	446.425	93.175	26.22	0.5025	1.29	0	14.7554455282229
2002	188	8	1211.939	495.04	621.785	118.845	27.765	0.4327	0.985	0	14.7554449833614
2002	188	9	1447.666	601.175	754.555	135.61	29.19	0.3429	0.86	0	14.7554450404647
2002	188	10	1632.172	680.525	858.82	149.155	29.705	0.35575	1.315	0	14.755445247762
2002	188	11	1811.756	761.985	959.135	164.07	30.03	0.38805	1.795	0	14.7554451274446
2002	188	12	1790.435	753.655	949.25	163.6	30.49	0.399	2.35	0	14.7554450192488
2002	188	13	1687.602	710.19	890.11	156.73	30.995	0.40385	2.075	0	14.7554450875413
2002	188	14	1486.076	623.17	779.895	143.83	31.535	0.40695	2.085	0	14.7554452658665
2002	188	15	1167.871	486.175	608.19	118.95	31.59	0.4144	1.965	0	14.7554450087602
2002	188	16	857.67	357.225	445.255	96.32	31.63	0.4205	1.785	0	14.7554450049136
2002	188	17	482.908	202.325	247.16	61.075	31.425	0.4353	1.54	0	14.75544487061
2002	188	18	166.681	67.425	77.27	22.24	30.17	0.4981	2.14	0	14.7554449881406
2002	188	19	10.879	4.56	1.995	0.995	28.63	0.54635	1.555	0	14.7526992303251
2002	188	20	0	0	0	0	28.28	0.5494	1.15	0	14.7629578621051
2002	188	21	0	0	0	0	27.385	0.5865	1.525	0	14.7637666499315
2002	188	22	0	0	0	0	26.215	0.6295	1.865	0	14.7639199500601
2002	188	23	0	0	0	0.03	24.58	0.69005	2.79	0	14.7640792511545
2002	189	0	0.046	0	0	0	23.355	0.7192	2.115	0	14.7642471611312
2002	189	1	0.391	0	0	0	22.7	0.72165	2.26	0	14.7644214309015
2002	189	2	0.46	0	0	0	22.305	0.72555	2.315	0	14.7645925657164
2002	189	3	0.46	0	0	0	21.73	0.7526	1.97	0	14.7647375626524
2002	189	4	14.145	5.925	4.185	1.15	21.425	0.7788	2.365	0	14.7658545273715
2002	189	5	173.88	68.875	81.175	21.305	21.755	0.8159	2.03	0	14.7682290835151
2002	189	6	494.776	196.805	243.83	57.465	24.17	0.75255	1.685	0	14.7667155795221
2002	189	7	895.252	358.13	453.925	94.59	26.745	0.6623	2.205	0	14.7666843949257
2002	189	8	1229.902	497.72	629.79	121.62	28.395	0.6018	3.125	0	14.7666839316749
2002	189	9	1497.944	614.38	776.135	141.305	29.83	0.5289	3.43	0	14.7666839894005
2002	189	10	1664.326	688.01	871.49	153.79	30.625	0.4739	3.2	0	14.7666841996271
2002	189	11	1740.341	728.23	922.235	162.25	31.455	0.4588	3.085	0	14.7666840703206
2002	189	12	1402.563	586.06	745.715	134.505	31.67	0.46345	3.44	0	14.7666839732338
2002	189	13	1375.009	574.315	729.675	138.865	31.94	0.4665	3.74	0	14.7666840510075
2002	189	14	1355.229	568.385	722.405	141.66	32.405	0.4658	3.6	0	14.7666839468534
2002	189	15	960.043	398.115	506.17	102.945	32.47	0.4621	3.23	0	14.7666839523362
2002	189	16	780.781	324.51	413.455	92.95	32.3	0.48755	3.955	0	14.7666839527288
2002	189	17	449.696	187.43	236.26	59.73	31.82	0.52235	3.38	0	14.766683902585
2002	189	18	156.584	64.665	77.625	22.19	30.495	0.58095	3.375	0	14.7666838270891
2002	189	19	11.914	4.59	2.81	1.075	28.735	0.64465	3.085	0	14.763748154995
2002	189	20	0	0	0	0	27.1	0.708	2.67	0	14.7735573695963
2002	189	21	0	0	0	0.01	25.73	0.76305	2.97	0	14.7743577982275
2002	189	22	0	0	0	0	25.075	0.78575	2.845	0	14.7745108641593
2002	189	23	0	0	0	0	25.06	0.786	3.01	0	14.7746700438949
2002	190	0	0	0	0	0	25.755	0.7449	3.805	0	14.7748370209405
2002	190	1	0	0	0	0	25.045	0.7717	3.17	0	14.7750008183066
2002	190	2	0	0	0	0	25.06	0.7501	3.66	0	14.7751498575967
2002	190	3	0	0	0	0	24.75	0.7666	3.45	0	14.7752739515807
2002	190	4	6.049	2.485	0.835	0.44	24.33	0.79465	3.83	0	14.7754839681384
2002	190	5	81.144	33.17	36.81	8.105	24.305	0.812	3.285	0	14.7662018195667
2002	190	6	159.643	64.91	78.465	16.56	25.04	0.7995	2.615	0	14.7619622722068
2002	190	7	473.8	186.915	240.12	51.61	25.56	0.76775	4.73	0	14.7618739675191
2002	190	8	925.52	369.905	476.195	98.145	26.515	0.7473	5.255	0	14.7618727004484
2002	190	9	1347.317	548.285	699.3	136.085	28.805	0.6791	4.045	0	14.7618727308742
2002	190	10	1610.046	660.29	842.43	156.835	30.38	0.64305	4.355	0	14.7618726520859
2002	190	11	1706.347	701.895	895.28	163	32.135	0.5768	5.14	0	14.7618726646156
2002	190	12	1551.741	637.075	816.43	154.385	32.92	0.54215	6.47	0	14.7618726889615
2002	190	13	1575.937	646.41	823.58	156.83	33.18	0.5459	7.235	0	14.7618727528862
2002	190	14	1111.222	453.15	579.88	117.425	32.895	0.5701	7.81	0	14.7618729190413
2002	190	15	1115.776	455.27	578.895	121.65	32.63	0.55095	7.8	0	14.7618726834923
2002	190	16	670.956	271.81	347.915	77.89	31.985	0.57055	6.825	0	14.7618726793793
2002	190	17	438.84	176.645	223.935	52.945	30.935	0.63315	6.42	0	14.7618725245467
2002	190	18	117.714	46.05	53.51	13.21	28.905	0.74095	6.19	0	14.7618726643326
2002	190	19	10.051	3.865	2.48	1.7	26.745	0.8173	6.095	0	14.755926402103
2002	190	20	0.161	0	0	0.42	25.27	0.8453	5.79	0	14.7629152930482
2002	190	21	0.46	0	0	0.165	23.8	0.8807	4.665	0	14.7635626098078
2002	190	22	0.46	0	0	0.035	23.7	0.8833	4.505	0	14.7637354610333
2002	190	23	0.46	0	0	0.035	23.45	0.8939	4.365	0	14.7639207530887
2002	191	0	0.46	0	0	0.12	22.955	0.92515	3.945	0	14.76411577354
2002	191	1	0.483	0	0	0.015	22.845	0.9189	3.93	0	14.7643072567217
2002	191	2	0.46	0	0	0.07	22.635	0.90335	3.885	0	14.7644820300817
2002	191	3	0.529	0	0	0.04	22.35	0.91475	3.355	0	14.7646289545478
2002	191	4	3.174	1.21	0	0.14	22.69	0.9079	2.125	0	14.764779487344
2002	191	5	30.567	12.07	10.52	3.22	22.675	0.9144	2.73	0	14.7686654417729
2002	191	6	185.748	74.59	92.665	20.405	23.33	0.8934	3.765	0	14.7027749700977
2002	191	7	225.239	88.695	111.845	24.78	23.905	0.86455	4.5	0	14.7012951386774
2002	191	8	305.624	114.19	145.095	31.4	24.465	0.83145	4.11	0	14.7012729558792
2002	191	9	722.407	275.955	360.105	76.435	25.26	0.77295	4.88	0	14.7012726701019
